60 3.91935e+07
60.5 4.29524e+07
61 4.70719e+07
61.5 5.15865e+07
62 5.65339e+07
62.5 6.16177e+07
63 6.71587e+07
63.5 7.3198e+07
64 7.97803e+07
64.5 8.69545e+07
65 9.47739e+07
65.5 1.0764e+08
66 1.22252e+08
66.5 1.38848e+08
67 1.57697e+08
67.5 1.72003e+08
68 1.87607e+08
68.5 1.99156e+08
69 2.11418e+08
69.5 2.24168e+08
70 2.37686e+08
70.5 2.47717e+08
71 2.58173e+08
71.5 2.76033e+08
72 2.95128e+08
72.5 3.06756e+08
73 3.18843e+08
73.5 3.34518e+08
74 3.50965e+08
74.5 3.62385e+08
75 3.74176e+08
75.5 3.83366e+08
76 3.92782e+08
76.5 3.98345e+08
77 4.03987e+08
77.5 4.01876e+08
78 3.99776e+08
78.5 3.98337e+08
79 3.96902e+08
79.5 3.91152e+08
80 3.85486e+08
80.5 3.82824e+08
81 3.8018e+08
81.5 3.84182e+08
82 3.88224e+08
82.5 4.14168e+08
83 4.41846e+08
83.5 4.84314e+08
84 5.30863e+08
84.5 6.42093e+08
85 7.76623e+08
85.5 9.74624e+08
86 1.22311e+09
86.5 1.49849e+09
87 1.83588e+09
87.5 2.23298e+09
88 2.71597e+09
88.5 3.15893e+09
89 3.67413e+09
89.5 4.29104e+09
90 5.01156e+09
90.5 5.95782e+09
91 7.08273e+09
91.5 8.29435e+09
92 9.7133e+09
92.5 1.12478e+10
93 1.30247e+10
93.5 1.50706e+10
94 1.74378e+10
94.5 2.03746e+10
95 2.3806e+10
95.5 2.76716e+10
96 3.21651e+10
96.5 3.62294e+10
97 4.08072e+10
97.5 4.56027e+10
98 5.09618e+10
98.5 5.4761e+10
99 5.88436e+10
99.5 6.3551e+10
100 6.86349e+10
100.5 7.18097e+10
101 7.51313e+10
101.5 7.913e+10
102 8.3342e+10
102.5 8.57135e+10
103 8.81524e+10
103.5 9.04635e+10
104 9.28345e+10
104.5 9.4633e+10
105 9.64666e+10
105.5 9.73202e+10
106 9.81818e+10
106.5 9.90641e+10
107 9.99546e+10
107.5 1.0074e+11
108 1.01531e+11
108.5 1.0219e+11
109 1.02854e+11
109.5 1.05689e+11
110 1.08602e+11
110.5 1.09228e+11
111 1.09858e+11
111.5 1.10829e+11
112 1.11808e+11
112.5 1.13287e+11
113 1.14786e+11
113.5 1.15718e+11
114 1.16657e+11
114.5 1.13907e+11
115 1.11224e+11
115.5 1.09033e+11
116 1.06885e+11
116.5 1.0593e+11
117 1.04983e+11
117.5 1.03455e+11
118 1.01948e+11
118.5 9.9951e+10
119 9.79936e+10
119.5 9.5211e+10
120 9.25071e+10